20 20
0 0
0 0 0 0 0 0 0 0 0 4 3 0 0 0 0 0 0 0 0 0
0 0 0 0 0 0 0 0 0 2 1 0 0 0 0 0 0 0 0 0
0 0 0 0 0 0 0 0 0 0 0 0 0 0 0 0 0 0 0 0 
0 0 0 0 0 0 0 0 0 0 0 0 0 0 0 0 0 0 0 0
0 0 0 0 7 7 0 0 0 0 0 0 0 0 0 0 0 0 0 0
0 0 0 7 7 7 7 0 0 0 0 0 0 0 0 0 0 0 0 0
0 0 7 7 7 7 7 7 0 0 0 0 0 0 0 0 0 0 0 0 
0 0 0 7 7 7 7 0 0 0 0 0 0 0 0 0 0 0 0 0
0 0 0 0 7 7 0 0 0 0 0 0 0 0 0 0 0 0 0 0
0 0 0 0 0 0 8 0 0 0 0 0 0 0 0 0 0 0 0 0
0 0 0 0 0 0 0 0 0 0 0 0 0 0 0 0 0 0 0 0
0 0 0 0 0 0 0 0 0 5 0 0 0 0 0 0 0 0 0 0
0 0 0 0 0 0 0 0 0 0 0 0 0 0 0 0 0 0 0 0
0 0 0 0 0 0 0 0 0 0 0 0 0 0 0 0 0 0 0 0
0 0 0 0 0 0 0 0 0 0 0 0 0 0 0 0 0 0 0 0
0 0 0 0 0 0 0 0 0 0 0 0 0 0 0 0 0 0 0 0
0 0 0 0 0 0 0 0 0 0 0 0 0 0 0 0 0 0 0 0
0 0 0 0 0 0 0 0 0 0 0 0 0 0 0 0 0 0 0 0
0 0 0 0 0 0 0 0 0 0 0 0 0 0 0 0 0 0 0 0
0 0 0 0 6 6 0 0 0 0 0 0 0 0 0 0 0 0 0 0
